                precision    recall  f1-score   support

        CSRF攻击     1.0000    1.0000    1.0000       188
Java反序列化漏洞利用攻击     1.0000    1.0000    1.0000       184
       SQL注入攻击     1.0000    1.0000    1.0000       193
     XSS跨站脚本攻击     1.0000    1.0000    1.0000       192
        文件上传攻击     1.0000    1.0000    1.0000       181
        文件包含攻击     1.0000    1.0000    1.0000       192
          正常访问     1.0000    1.0000    1.0000       683
        目录遍历攻击     1.0000    1.0000    1.0000       194
      远程命令执行攻击     1.0000    1.0000    1.0000       193

      accuracy                         1.0000      2200
     macro avg     1.0000    1.0000    1.0000      2200
  weighted avg     1.0000    1.0000    1.0000      2200
